PATH: 1-2
2834
0,5,1
1000,4.5,2
1800,3,1
2834,2,2

PATH: 1-3
5133
0,2.6,2
1100,4.5,2
4900,3,1
5133,1.2,2

PATH: 1-4
6689
0,3.8,2
2400,4,1
5680,3.5,1
6689,2.5,1

PATH: 1-5
7274
0,4.7,2
1900,4.5,2
2500,3,2
7274,2,2

PATH: 1-7
5767
0,2.5,1
2600,2,2
3990,3,1
5767,2.5,1

PATH: 1-9
8394
0,4,1
5500,3,2
8394,2,2

PATH: 2-3
2432
0,5,1
100,4.5,2
1800,3,1
2432,2,2

PATH: 2-4
4476
0,3.5,1
1790,3.3,1
2800,2.6,1
4476,2,1

PATH: 2-5
5860
0,2.9,1
1500,2.5,2
2400,3.5,1
5860,2.9,1

PATH: 2-7
6846
0,5.3,1
100,4,2
1400,3,1
5400,1,2
6846,4,1

PATH: 2-9
6946
0,4,2
1970,3,1
2500,2.5,2
6946,2.9,2

PATH: 3-5
4297
0,5,1
2560,4,2
2990,3,1
4297,2,1

PATH: 3-6
4000
0,4,1
2500,3,2
4000,2,1

PATH: 3-7
7338
0,4,1
2600,2.4,2
2890,4,2
5000,3,1
7338,2.5,1

PATH: 4-6
4543
0,2.8,1
2500,1,2
3500,3.6,2
4543,4.5,1

PATH: 4-9
3356
0,5,2
1500,4,1
3356,3,2

PATH: 5-8
7000
0,4.7,2
4578,2,1
6890,1.7,2
7000,2,2

PATH: 6-7
2921
0,3,1
1600,2,1
2000,1,1
2921,0.8,2

PATH: 7-9
6000
0,5,1
4500,3,2
6000,2,1
