PATH:1-2
2834.00
0,5.00,1
1000,4.50,2
1800,3.00,1
2834,2.00,2

PATH:1-3
5133.00
0,2.60,2
1100,4.50,2
4900,3.00,1
5133,1.20,2

PATH:1-4
6689.00
0,3.80,2
2400,4.00,1
5680,3.50,1
6689,2.50,1

PATH:1-5
7274.00
0,4.70,2
1900,4.50,2
2500,3.00,2
7274,2.00,2

PATH:1-7
5767.00
0,2.50,1
2600,2.00,2
3990,3.00,1
5767,2.50,1

PATH:1-9
8394.00
0,4.00,1
5500,3.00,2
8394,2.00,2

PATH:2-3
2432.00
0,5.00,1
100,4.50,2
1800,3.00,1
2432,2.00,2

PATH:2-4
4476.00
0,3.50,1
1790,3.30,1
2800,2.60,1
4476,2.00,1

PATH:2-5
5860.00
0,2.90,1
1500,2.50,2
2400,3.50,1
5860,2.90,1

PATH:2-7
6846.00
0,5.30,1
100,4.00,2
1400,3.00,1
5400,1.00,2
6846,4.00,1

PATH:2-9
6946.00
0,4.00,2
1970,3.00,1
2500,2.50,2
6946,2.90,2

PATH:3-5
4297.00
0,5.00,1
2560,4.00,2
2990,3.00,1
4297,2.00,1

PATH:3-6
4000.00
0,4.00,1
2500,3.00,2
4000,2.00,1

PATH:3-7
7338.00
0,4.00,1
2600,2.40,2
2890,4.00,2
5000,3.00,1
7338,2.50,1

PATH:4-6
4543.00
0,2.80,1
2500,1.00,2
3500,3.60,2
4543,4.50,1

PATH:4-9
3356.00
0,5.00,2
1500,4.00,1
3356,3.00,2

PATH:5-8
7000.00
0,4.70,2
4578,2.00,1
6890,1.70,2
7000,2.00,2

PATH:6-7
2921.00
0,3.00,1
1600,2.00,1
2000,1.00,1
2921,0.80,2

PATH:7-9
6000.00
0,5.00,1
4500,3.00,2
6000,2.00,1

PATH:3-10
6285.00
0,2.60,1
2800,2.40,2
4567,2.80,2
6285,3.60,1

